roll = [ 12.3745 11.4582 11.4902 10.4775 12.5334 11.4895 11.5182 11.6604 11.1818 10.1585 13.4771 11.3539 10.5574 12.0877 13.0801 11.3691 11.7219 12.4984 11.6317 11.2248 12.499 11.5956 11.5149 12.378 11.5969 -0.936963 10.7476 8.80125 8.08791 11.5969 9.96853 9.67278 11.7175 1.63147 8.84396 7.75338 8.08504 12.0553 8.16224 8.23237 3.41302 5.12262 14.4638 14.5908 21.8021 18.1132 19.2314 14.926 20.9471 18.4328 16.1829 26.5503 18.4357 19.5241 20.5331 21.2965 22.9638 25.014 23.5731 30.959 34.9129 34.8954 46.2333 41.8642 44.9925 46.9421 51.4684 51.8876 48.8613 48.0676 46.8381 43.112 38.5282 33.4331 27.3162 20.9684 13.5654 14.2388 6.88025 7.64938 2.68345 -0.898492 -5.27637 -14.688 -15.3238 -31.1696 -26.1439 -35.671 -37.8565 -50.0844 -46.0486 -52.905 -53.5093 -61.3505 -56.1444 -59.3554 -59.7491 -54.8584 -51.73 -51.5453 -37.5534 -37.4896 -38.4681 -30.0563 -22.7391 -19.5396 -18.1504 -10.4551 -5.44282 1.65688 6.14893 14.0371 15.4044 21.7979 21.4761 23.4245 22.3273 21.0364 14.0332 14.646 12.5135 10.7499 6.16101 11.1415 3.3854 8.56665 9.3716 12.8268 13.0824 14.1399 17.193 18.1296 19.0739 12.2878 14.5921 14.4451 13.1304 9.06444 5.41244 10.4602 -4.37645 1.66072 1.04685 10.8127 2.6348 9.85503 6.43078 10.0376 8.33883 -3.83165 6.46455 6.28391 4.43158 3.55859 5.08558 2.71226 7.90059 -1.97596 4.39813 7.06635 0.81997 13.4536 8.25717 8.9686 7.86705 0 11.5865 12.4366 9.05947 8.81589 11.8694 6.13432 10.0142 8.46571 7.52214 6.99858 8.99093 8.72025 9.57627 10.9699 7.75633 13.1173 6.53153 12.711 13.0521 9.15069 9.71403 7.63248 6.6245 11.101 13.6937 15.8872 8.85015 6.75662 8.24504 12.952 13.1051 15.0558 15.9748 16.3346 13.9691 20.4472 18.2828 14.5492 12.4509 19.7885 23.2862 21.3816 22.5288 23.0352 21.6655 17.944 21.1473 19.9285 17.422 24.0479 19.7762 24.0895 35.0045 20.9496 18.0979 16.4813 16.2698 18.6385 14.9252 -3.82886 30.047 25.0044 26.791 27.9032 26.739 26.6816 26.6832 26.6801 26.6801 26.6801 26.6801 25.8226 26.6166 25.8211 26.6148 25.8165 26.5403 25.7479 25.8177 25.7479 25.7464 25.7476 25.7479 26.0511 24.8706 24.5082 25.5897 24.7018 26.0537 25.5866 23.7007 26.1578 25.5007 24.5763 24.866 24.8671 24.864 25.5852 24.0522 24.5034 24.5031 24.4298 24.7838 23.6288 23.8943 23.9729 24.4298 23.546 23.9743 24.4267 23.8897 24.0843 23.8911 23.8897 23.5444 23.9729 23.8908 23.8897 24.7855 23.5457 24.2451 23.8908 22.9867 23.8894 23.5444 23.5488 23.5444 23.8876 23.8908 23.5444 23.8904 24.3488 22.9899 23.4212 23.0728 23.461 22.9822 23.8891 22.6513 22.6497 23.5399 23.8904 23.4562 22.9835 23.4576 22.6497 22.6529 23.4562 22.9832 23.4576 23.1507 22.6497 23.7081 22.6497 23.802 22.9864 22.9851 22.9851 9.63664 53.993 17.3826 22.9117 27.8388 25.2567 -2.10659 9.15769 6.27689 -10.4889 -23.7222 -29.6547 -45.7018 -26.9742 -37.8671 -59.2586 -42.4508 -49.4894 -51.3663 -51.7329 -48.5193 -50.6143 -50.2348 -51.4465 -37.8325 -35.9465 ];
roll_avg = [ -8.81093 -10.5662 -9.70375 -9.58941 -9.81733 -9.70319 -8.83906 -9.84635 -8.57558 -6.44556 -12.5634 -13.1257 -6.13885 -6.01682 -15.7581 -7.84619 -8.08897 -10.6901 -10.7224 -6.88204 -10.6941 -11.5956 -8.83917 -8.80744 -11.5969 -13.3588 -11.5926 -15.9859 -15.4153 -11.5969 -12.7241 -15.9529 -16.338 -10.6549 -15.1415 -10.3593 -11.7213 -12.0621 -7.35885 -11.0075 -5.12499 -2.57367 -6.43381 -4.24693 0.811987 -2.81063 -2.57391 -1.84459 -2.67274 -0.859365 -0.883921 -1.6525 -1.00646 -1.73796 -2.51286 -0.908168 -0 -0 0.958341 -0 0.886496 1.77569 0.887319 2.61499 0.927863 1.86803 0.911183 0.00343968 1.84008 0.869916 0.867331 -0 -0 -0 0.845001 -0.888021 -1.91969 -0 -0.980581 0.844141 -0.894192 -0.895009 -0.874202 -1.81626 -2.67182 -4.7886 -3.36721 -3.71412 -1.6777 -4.67985 -4.29745 -4.39834 -3.4786 -5.39133 -3.53017 -4.65483 -3.47175 -0.867611 0.861788 -2.80516 -1.74942 -3.48894 -2.74223 -1.73587 -1.70385 -0.870771 -0.892455 -1.73312 -0.905224 -0.829968 0.872871 -0.86501 -2.83562 0.811962 -0.867122 -0.869268 -0 0.00320108 -0.988566 1.70832 2.66462 4.46088 8.23113 9.82202 14.8265 18.2251 22.0169 19.847 25.8291 28.1876 28.8384 29.2713 28.379 30.5016 26.4009 22.8409 22.9231 19.2331 15.5081 11.2782 5.26494 3.3196 -3.17496 -2.48124 -5.26491 -9.85826 -14.8369 -14.7002 -15.9026 -17.4829 -15.5062 -19.1696 -18.9333 -20.9312 -20.7674 -21.2678 -19.637 -19.0398 -14.2088 -12.4321 -9.0538 -4.45079 -1.83166 2.23574 3.48764 4.08562 6.21391 6.95922 7.04245 7.04677 7.60139 3.51104 5.44624 4.22458 4.1721 4.36535 4.4851 4.35087 4.34014 2.52341 2.58177 2.79109 3.73048 2.70526 6.48176 4.97812 5.27881 4.23305 5.67161 3.68811 7.25711 4.36721 4.41702 2.89397 3.65272 4.29246 3.71796 4.38509 5.82599 6.28057 5.54831 5.85044 7.21217 5.61262 9.55317 3.53309 6.11318 5.23286 6.70025 6.557 6.18503 7.87394 7.46566 8.02226 7.24735 10.8422 9.31734 9.40534 46.8309 2.67304 4.46366 9.07191 8.06826 5.5044 10.2558 -18.9366 -1.73579 -8.45373 -6.24956 -8.35089 -7.1298 -8.01052 -8.00988 -8.01009 -8.01009 -8.01009 -8.01009 -8.9484 -8.88366 -8.94792 -8.88659 -8.94767 -9.7558 -9.8263 -8.95158 -9.8263 -9.82577 -9.82971 -9.8263 -10.8487 -10.7715 -10.6226 -11.5683 -8.00377 -10.8533 -11.5686 -10.6879 -9.62734 -12.4291 -9.7554 -10.7712 -10.7752 -10.7755 -11.568 -10.846 -10.6237 -10.6271 -11.4861 -11.6495 -11.5589 -12.5922 -11.7214 -11.4861 -12.4183 -11.722 -11.4864 -12.5918 -11.3332 -12.5925 -12.5918 -12.421 -11.7214 -12.5959 -12.5918 -11.6486 -12.4217 -12.7745 -12.5959 -13.5453 -12.5952 -12.421 -12.4214 -12.421 -12.5962 -12.5959 -12.421 -12.5993 -12.3475 -13.5449 -12.8573 -12.6756 -13.2752 -13.5448 -12.5986 -13.3567 -13.3594 -12.4206 -12.5993 -13.2781 -13.5456 -13.2788 -13.3594 -13.359 -13.2781 -13.549 -13.2788 -11.8002 -13.3594 -14.3256 -13.3594 -13.4639 -13.5487 -13.5479 -13.5479 -8.70719 -30.53 -25.2808 -23.9358 -21.023 -17.3938 -20.6081 -10.8472 -16.3414 -16.7449 -17.5614 -18.3649 -18.9744 -17.5992 -16.1946 -19.7326 -21.1631 -20.4692 -19.151 -20.7407 -21.9971 -21.2659 -21.2027 -23.5133 -19.2114 -22.0311 ];
chan1 = [ 50 50 50 50 50 50 50 50 50 50 50 50 50 50 50 50 50 50 50 50 50 50 50 50 50 50 50 50 50 50 50 50 50 50 50 50 50 50 50 50 50 50 50 50 50 50 50 50 50 50 50 50 50 50 50 50 50 50 50 50 50 50 50 50 50 50 50 50 50 50 50 50 50 50 50 50 50 50 50 50 50 50 50 50 50 50 50 50 50 50 50 50 50 50 50 50 50 50 50 50 50 50 50 50 50 50 50 50 50 50 50 50 50 50 50 50 50 50 50 50 50 50 50 50 50 50 50 50 50 50 50 50 50 50 50 50 50 50 50 50 50 50 50 50 50 50 50 50 50 50 50 50 50 50 50 50 50 50 50 50 50 50 50 50 50 50 50 50 50 50 50 50 50 50 50 50 50 50 50 50 50 50 50 50 50 50 50 50 50 50 50 50 50 50 50 50 50 50 50 50 50 50 50 50 50 50 50 50 50 50 50 50 50 50 50 50 50 50 50 50 50 50 50 50 50 50 50 50 50 50 50 50 50 50 50 50 50 50 50 50 50 50 50 50 50 50 50 50 50 50 50 50 50 50 50 50 50 50 50 50 50 50 50 50 50 50 50 50 50 50 50 50 50 50 50 50 50 50 50 50 50 50 50 50 50 50 50 50 50 50 50 50 50 50 50 50 50 50 50 50 50 50 50 50 50 50 50 50 50 50 50 50 50 50 50 50 50 50 50 50 50 50 50 50 50 50 50 50 50 50 50 50 50 50 50 50 50 50 50 50 50 50 50 50 50 50 50 50 50 50 ];
chan2 = [ 0 0 0 0 0 0 0 0 0 0 0 0 0 0 0 0 0 0 0 0 0 0 0 0 0 0 0 0 0 0 0 0 0 0 0 0 0 0 0 0 0 0 0 0 0 0 0 0 0 0 0 0 0 0 0 0 0 0 0 0 0 0 0 0 0 0 0 0 0 0 0 0 0 0 0 0 0 0 0 0 0 0 0 0 0 0 0 0 0 0 0 0 0 0 0 0 0 0 0 0 0 0 0 0 0 0 0 0 0 0 0 0 0 0 0 0 0 0 0 0 0 0 0 0 0 0 0 0 0 0 0 0 0 0 0 0 0 0 0 0 0 0 0 0 0 0 0 0 0 0 0 0 0 0 0 0 0 0 0 0 0 0 0 0 0 0 0 0 0 0 0 0 0 0 0 0 0 0 0 0 0 0 0 0 0 0 0 0 0 0 0 0 0 0 0 0 0 0 0 0 0 0 0 0 0 0 0 0 0 0 0 0 0 0 0 0 0 0 0 0 0 0 0 0 0 0 0 0 0 0 0 0 0 0 0 0 0 0 0 0 0 0 0 0 0 0 0 0 0 0 0 0 0 0 0 0 0 0 0 0 0 0 0 0 0 0 0 0 0 0 0 0 0 0 0 0 0 0 0 0 0 0 0 0 0 0 0 0 0 0 0 0 0 0 0 0 0 0 0 0 0 0 0 0 0 0 0 0 0 0 0 0 0 0 0 0 0 0 0 0 0 0 0 0 0 0 0 0 0 0 0 0 0 0 0 0 0 0 0 0 0 0 0 0 0 0 0 0 0 0 ];
