roll = [ -0.00340897 -0.00336192 -0.00336218 -0.00340924 -0.00342959 -0.00340916 -0.00338151 -0.00340897 -0.00340916 -0.00340897 -0.00340916 -0.00672385 -0.00338151 -0.00672421 0 0 -0.855476 -0.00345761 0 -0.0033621 -0.86731 0.869268 -0.00336182 -0.00340916 -0.00340924 -0.00336182 -0.00336192 -0.00340916 -0.003362 -0.00340916 0.862315 -0.00340924 -0.87265 -0.00681794 0.869268 -0.799111 -3.22841 0.873941 4.37822 0.854993 -1.78009 -0.889959 0 -0.00342967 -0.00338831 -0.00347882 -0.00336192 -0.0034294 -0.00340916 -0.00676355 -0.00340934 -0.00338177 -0.0033621 -0.00338159 -0.00336192 -0.00681831 -0.00340897 -0.00340916 -0.003362 -0.00340897 -0.00340897 -0.00340916 -0.00336192 -0.00340905 -0.00340916 -0.003362 0 -0.900918 -1.72764 -0.86731 0 -0.003362 0 0 -0.00340924 -0.879493 -0.00333466 -0.00340916 -0.893983 -0.00340916 -0.860588 -0.863902 -0.00336192 -0.00336192 -0.891963 -0.00345761 -0.872411 0 -0.860654 0 -0.876106 -0.852115 -0.860296 0.857227 -1.71354 -0.00343578 0.874526 -0.00340916 -0.855495 0.848845 0 -0.00318527 0.848781 0 1.66158 -0.00676296 0.00676414 -1.88408 -3.40823 0 0.846742 -0.814025 -6.24217 -2.53464 2.26834 3.69982 0.00313347 0 5.17554 -0.900962 -4.76687 -7.86549 -7.67127 -6.65245 10.4913 13.3643 -6.38852 -8.62811 0.0134466 15.8944 3.72103 -14.8697 7.56689 7.21524 -2.70052 1.65215 11.6564 -9.71153 -9.82754 13.6365 -2.02229 -11.1383 8.36548 4.66606 -13.455 13.8451 5.98896 -13.5435 19.8697 -15.3003 9.6863 17.1261 -22.6759 25.3596 -25.9519 21.6276 -23.71 7.19044 -29.4521 4.50059 -12.0879 9.54853 -7.76964 5.94844 -12.697 19.515 -3.33095 -9.53352 13.2398 -8.70203 -20.5357 4.50595 4.8432 -3.21853 3.94108 23.3703 -7.19117 -25.6226 -11.1117 1.1956 -14.5545 -8.0696 2.50254 -5.64593 -10.5726 5.62471 12.2939 -21.3876 -0.979588 -0.0388823 23.003 -14.5493 10.3118 0.849025 13.881 -7.71278 -15.1816 0.848454 13.7624 -25.3728 14.8454 18.3244 -3.33578 -6.19056 -16.8757 6.22006 -17.8259 -8.50589 -3.1351 7.92116 -6.81418 -22.9241 10.9791 9.63919 1.877 -0.00385834 -6.02567 15.0578 -6.43045 -17.1134 1.00841 0.0668089 5.44286 -4.53853 -1.00556 10.7271 -3.00315 -12.9138 7.57961 0.654177 4.83578 -11.3787 -25.0217 10.6767 -7.626 -19.1232 -1.87249 -3.93734 12.0431 -6.15793 -9.24685 6.27237 -5.61668 1.05882 -1.01274 3.75947 -12.9435 -16.0395 11.7792 -0.895508 12.4944 -22.5427 16.0939 -4.924 -0.974613 3.53233 -9.06572 8.51599 5.48773 8.30703 -0.0182964 0.00544684 -22.1487 10.9255 -1.66944 -0.805066 -5.31409 -11.6888 17.5279 -21.9997 -22.3563 4.75353 16.9544 -3.39406 -3.19384 -13.7657 -6.97765 12.8527 7.07588 -22.2547 6.43322 1.66195 4.13349 3.12938 -22.7429 -4.29461 9.38648 -22.2229 -14.3774 2.43069 12.1123 -3.73003 -1.5097 -24.8136 -0.070999 -0.915064 2.37284 5.27948 -14.7746 -5.66805 0 0 0 0 0 0 0 0 0 0 0 0 0 0 0 0 0 0 0 0 0 0 0 0 0 0 0 0 0 0 0 0 0 0 0 0 0 0 0 0 0 0 0 0 0 0 0 0 0 0 0 0 0 0 0 0 0 0 0 0 0 0 0 0 0 0 0 0 0 0 0 0 0 0 0 0 0 0 0 0 0 0 0 0 0 0 0 0 0 0 0 0 0 0 0 0 0 0 0 0 0 0 0 0 0 0 0 0 0 0 0 0 0 0 0 0 0 0 0 0 0 0 0 0 0 0 0 0 0 0 0 0 0 0 0 0 0 0 0 0 0 0 0 0 0 0 0 0 0 0 0 0 0 0 0 0 ];
roll_avg = [ 0 -0.000136359 -0.000270836 -0.000405323 -0.000541693 -0.000678876 -0.000815242 -0.000950503 -0.00108686 -0.00122323 -0.00135959 -0.00149595 -0.00176491 -0.00190017 -0.00216914 -0.00216914 -0.00216914 -0.0363882 -0.0365265 -0.0365265 -0.036661 -0.0713534 -0.0365826 -0.0367171 -0.0368535 -0.0369898 -0.0369879 -0.036988 -0.0369898 -0.0369879 -0.0369871 -0.00235815 -0.00235926 -0.0371289 -0.0372652 -0.00235815 -0.0341862 -0.163054 -0.127961 0.047437 0.0816367 0.010433 0.00905367 0.00919198 0.00905479 0.00905374 0.043607 0.00870179 0.00869908 0.00869908 0.00856491 0.00856301 0.00856222 0.0085641 0.00856332 0.0085652 -0.0262001 -0.0262001 0.0085695 0.00870773 -0.0261994 0.00562873 0.134629 0.0995367 -0.0757286 -0.110065 -0.0389953 -0.00339701 -0.0394337 -0.108402 -0.142959 -0.14282 -0.14282 -0.142683 -0.142546 -0.142412 -0.177455 -0.177454 -0.177455 -0.213079 -0.213081 -0.247232 -0.281652 -0.28165 -0.28165 -0.317192 -0.317194 -0.351954 -0.35182 -0.386109 -0.385973 -0.420883 -0.454967 -0.453343 -0.349948 -0.383797 -0.383935 -0.348819 -0.348956 -0.383175 -0.349085 -0.313905 -0.313899 -0.279812 -0.244053 -0.177453 -0.1433 -0.108473 -0.183702 -0.319897 -0.284218 -0.25021 -0.247875 -0.497561 -0.564521 -0.473787 -0.29075 -0.25654 -0.222128 -0.0493961 -0.0168929 -0.20743 -0.557031 -0.863745 -1.09562 -0.709925 -0.175352 -0.430765 -0.809841 -0.809303 -0.239992 -0.0908806 -0.685939 -0.3079 0.117039 0.00901832 0.0412344 0.540053 0.401278 0.109562 0.564288 0.335404 -0.110254 0.224365 0.203986 -0.298176 0.446304 1.00048 0.765591 1.82648 0.79481 0.647689 1.58827 1.02636 2.04021 0.366354 1.08262 0.729004 0.713946 -0.752748 -0.464703 -1.01431 -1.09862 -1.02095 -0.389907 -1.44325 -0.581755 -0.269461 -0.985421 -0.642473 -0.452354 -1.82759 -1.88691 -1.15144 -2.07496 -1.30531 -0.757948 -1.73064 -1.8485 -3.30735 -2.22145 -3.66874 -3.04312 -3.23064 -2.27839 -2.88132 -2.17281 -2.063 -2.60772 -2.88484 -2.37852 -2.23899 -2.68773 -1.89392 -2.38955 -1.48623 -0.973309 -1.76081 -1.9206 -1.24137 -2.41392 -2.75492 -1.73429 -0.842823 -0.645978 -1.36883 -0.537847 -0.928098 -1.36844 -1.268 -0.52825 -1.02581 -2.43453 -1.13986 -0.715108 -0.638473 -1.55875 -1.2178 -1.02796 -1.31914 -2.55892 -2.21007 -1.60013 -1.41635 -2.14839 -1.1737 -1.33844 -2.19154 -2.57466 -2.02385 -1.32266 -1.37803 -1.12014 -1.78077 -1.2283 -1.85019 -2.34255 -1.50048 -2.09714 -2.00098 -2.32238 -2.6921 -2.20018 -3.02716 -2.72759 -2.08356 -1.97352 -2.49393 -3.35322 -2.70052 -2.69611 -2.62542 -3.407 -2.24669 -2.74683 -2.81199 -2.86412 -2.77161 -1.4301 -1.63766 -1.00033 -0.236139 -0.161022 -0.889475 -0.93418 -0.754641 -0.416969 -0.880428 -1.12331 -0.464552 -1.30403 -2.34866 -1.64078 -0.321025 -0.927954 -1.01989 -2.07029 -1.44769 -1.57734 -1.09734 -1.94855 -1.83251 -1.4034 -1.5787 -1.67304 -2.91503 -3.08609 -2.71085 -2.71381 -3.72593 -3.56192 -3.04523 -2.98187 -2.5747 -4.26836 -3.39121 -2.53356 -2.62879 -3.09578 -3.55101 -3.64998 -3.09935 -2.82024 -3.33435 -3.61738 -2.7272 -2.98453 -3.051 -3.21634 -3.34152 -2.43181 -2.26002 -2.63548 -1.74656 -1.17147 -1.2687 -1.75319 -1.60399 -1.5436 -0.551057 -0.548217 -0.511615 -0.606529 -0.817708 -0.226722 0 0 0 0 0 0 0 0 0 0 0 0 0 0 0 0 0 0 0 0 0 0 0 0 0 0 0 0 0 0 0 0 0 0 0 0 0 0 0 0 0 0 0 0 0 0 0 0 0 0 0 0 0 0 0 0 0 0 0 0 0 0 0 0 0 0 0 0 0 0 0 0 0 0 0 0 0 0 0 0 0 0 0 0 0 0 0 0 0 0 0 0 0 0 0 0 0 0 0 0 0 0 0 0 0 0 0 0 0 0 0 0 0 0 0 0 0 0 0 0 0 0 0 0 0 0 0 0 0 0 0 ];
chan1 = [ 50 50 50 50 50 50 50 50 50 50 50 50 50 50 50 50 50 50 50 50 50 50 50 50 50 50 50 50 50 50 50 50 50 50 50 50 50 50 50 50 50 50 50 50 50 50 50 50 50 50 50 50 50 50 50 50 50 50 50 50 50 50 50 50 50 50 50 50 50 50 50 50 50 50 50 50 50 50 50 50 50 50 50 50 50 50 50 50 50 50 50 50 50 50 50 50 50 50 50 50 50 50 50 50 50 50 50 50 50 50 50 50 50 50 50 50 50 50 50 50 50 50 50 50 50 50 50 50 50 50 50 50 50 50 50 50 50 50 50 50 50 50 50 50 50 50 50 50 50 50 50 50 50 50 50 50 50 50 50 50 50 50 50 50 50 50 50 50 50 50 50 50 50 50 50 50 50 50 50 50 50 50 50 50 50 50 50 50 50 50 50 50 50 50 50 50 50 50 50 50 50 50 50 50 50 50 50 50 50 50 50 50 50 50 50 50 50 50 50 50 50 50 50 50 50 50 50 50 50 50 50 50 50 50 50 50 50 50 50 50 50 50 50 50 50 50 50 50 50 50 50 50 50 50 50 50 50 50 50 50 50 50 50 50 50 50 50 50 50 50 50 50 50 50 50 50 50 50 50 50 50 50 50 50 50 50 50 50 50 50 50 50 50 50 50 50 50 50 50 50 50 50 50 50 50 50 50 50 50 50 50 50 50 50 50 50 50 50 50 50 50 50 50 50 50 50 50 50 50 50 50 50 50 50 50 50 50 50 50 50 50 50 50 50 50 50 50 50 50 50 50 50 50 50 50 50 50 50 50 50 50 50 50 50 50 50 50 50 50 50 50 50 50 50 50 50 50 50 50 50 50 50 50 50 50 50 50 50 50 50 50 50 50 50 50 50 50 50 50 50 50 50 50 50 50 50 50 50 50 50 50 50 50 50 50 50 50 50 50 50 50 50 50 50 50 50 50 50 50 50 50 50 50 50 50 50 50 50 50 50 50 50 50 50 50 50 50 50 50 50 50 50 50 50 50 50 ];
